   1.5323730e+03
   2.0240616e+03
   1.9446347e+03
   1.8396084e+03
   1.9011301e+03
   1.8694491e+03
   1.7229893e+03
   1.7073018e+03
   1.7974071e+03
   1.8123332e+03
   1.8332158e+03
   1.8578150e+03
   1.7971825e+03
   1.9560863e+03
   1.9657011e+03
   1.6911139e+03
   6.1889248e+02
   1.8166653e+03
   2.1507280e+03
   0.0000000e+00
   0.0000000e+00
   0.0000000e+00
   0.0000000e+00
   0.0000000e+00
   0.0000000e+00
   0.0000000e+00
   0.0000000e+00
   0.0000000e+00
   0.0000000e+00
   0.0000000e+00
   1.9596657e+03
   7.0345102e+02
   3.6833115e+02
   1.1825666e+03
   2.1253652e+03
   2.2905634e+03
   2.1796089e+03
   2.2332302e+03
   2.1005906e+03
   2.0287846e+03
   2.1099387e+03
   2.1657634e+03
   2.1424882e+03
   2.1931125e+03
   2.2518757e+03
   2.1388484e+03
   1.3511825e+03
   3.8862881e+02
   3.0067230e+02
   8.6334792e+02
   1.6462225e+03
   2.3909734e+03
   2.3369859e+03
   2.3851927e+03
   2.3711890e+03
   2.2151208e+03
   2.2570439e+03
   2.4231789e+03
   2.3034000e+03
   2.3431459e+03
   2.3250930e+03
   1.7886881e+03
   1.0000797e+03
   3.0057160e+02
   1.9999490e+02
   7.8977060e+02
   1.2904105e+03
   1.9783017e+03
   2.5782818e+03
   2.5609404e+03
   2.6089230e+03
   2.5039977e+03
   2.4873630e+03
   2.6542360e+03
   2.5200891e+03
   2.5311358e+03
   1.9946418e+03
   1.4790820e+03
   8.7613220e+02
   1.9999490e+02
   1.9979473e+02
   7.0535346e+02
   1.0958636e+03
   1.6971396e+03
   2.3448092e+03
   2.7940356e+03
   2.8368053e+03
   2.8125401e+03
   2.7216848e+03
   2.9458509e+03
   2.7202976e+03
   2.3117812e+03
   1.8301618e+03
   1.2416119e+03
   7.6667664e+02
   1.9979473e+02
   1.9979473e+02
   6.0248196e+02
   1.0853457e+03
   1.5279966e+03
   2.0964571e+03
   2.6378020e+03
   3.1253490e+03
   3.1462990e+03
   3.1244732e+03
   3.1690047e+03
   2.6080231e+03
   2.1655372e+03
   1.6951863e+03
   1.2077464e+03
   6.3294369e+02
   1.9979473e+02
   1.9999490e+02
   6.0298533e+02
   1.0150332e+03
   1.4421263e+03
   2.0086498e+03
   2.5466548e+03
   3.0722658e+03
   2.1280877e+02
   0.0000000e+00
   0.0000000e+00
   0.0000000e+00
   0.0000000e+00
   0.0000000e+00
   2.6979446e+02
   2.3267823e+02
   1.9989473e+02
   1.9999490e+02
   3.0067230e+02
   1.0153399e+03
   1.4424330e+03
   1.9449597e+03
   2.5392741e+03
   3.0295329e+03
   3.5026138e+03
   3.6265759e+03
   3.0583268e+03
   2.6876586e+03
   2.0711704e+03
   1.6249548e+03
   1.1069278e+03
   6.0308550e+02
   1.9999490e+02
   1.9999490e+02
   6.0308550e+02
   1.0863656e+03
   1.5081503e+03
   1.9718341e+03
   2.6055481e+03
   3.1020993e+03
   3.1200731e+03
   3.2999972e+03
   3.1961863e+03
   2.8000977e+03
   2.0862433e+03
   1.6906412e+03
   1.1779226e+03
   6.0308550e+02
   1.9999490e+02
   1.9999490e+02
   7.0606010e+02
   1.0969927e+03
   1.6435071e+03
   2.1513852e+03
   2.7054356e+03
   2.8552860e+03
   2.7644762e+03
   2.9206583e+03
   3.0684201e+03
   2.9665644e+03
   2.2838390e+03
   1.8259110e+03
   1.1576882e+03
   7.0606010e+02
   1.9999490e+02
   1.9999490e+02
   7.8977467e+02
   1.2903218e+03
   1.8395358e+03
   2.4027425e+03
   2.4676666e+03
   2.5866355e+03
   2.5156406e+03
   2.6003296e+03
   2.9058650e+03
   2.7629446e+03
   2.5510962e+03
   1.9969714e+03
   1.3511946e+03
   7.8966990e+02
   1.9999490e+02
   3.0067230e+02
   8.6345707e+02
   1.6005963e+03
   2.1826413e+03
   2.2231553e+03
   2.2132042e+03
   2.3546475e+03
   2.3668267e+03
   2.3365263e+03
   2.6247338e+03
   2.6359273e+03
   2.4219269e+03
   2.3337638e+03
   1.6310885e+03
   8.6345707e+02
   3.0067230e+02
   3.6843289e+02
   1.1828175e+03
   1.9836642e+03
   2.1273526e+03
   2.0725300e+03
   2.0317694e+03
   2.0984992e+03
   2.2044776e+03
   2.2316428e+03
   2.3283845e+03
   2.3887445e+03
   2.3876612e+03
   2.2988973e+03
   1.9940258e+03
   1.1828027e+03
   3.6843289e+02
   6.1921319e+02
   1.8016978e+03
   1.9320082e+03
   1.8842199e+03
   1.8822558e+03
   1.8715747e+03
   1.9131887e+03
   2.1351611e+03
   2.1653421e+03
   2.1580952e+03
   2.2335186e+03
   2.2116800e+03
   2.0893116e+03
   1.9321453e+03
   1.8015608e+03
   6.1910843e+02
   1.5332509e+03
   1.8404683e+03
   1.8015339e+03
   1.7671955e+03
   1.7375717e+03
   1.7125123e+03
   1.6919790e+03
   1.9897066e+03
   1.9262369e+03
   1.9119125e+03
   2.0307255e+03
   2.0033745e+03
   2.1317288e+03
   1.8015340e+03
   1.8404683e+03
   1.5331330e+03
