1 197.21 
2 208.441 
3 106.026 
4 232.494 
5 -18.7789 
6 256.161 
7 166.867 
8 35.3785 
9 68.072 
10 187.036 
11 189.148 
12 89.3608 
13 135.785 
14 288.952 
15 137.054 
16 178.687 
17 242.612 
18 251.665 
19 190.326 
20 47.0028 
21 45.7473 
22 217.214 
23 122.444 
24 230.403 
25 71.3041 
26 223.807 
27 238.698 
28 219.201 
29 105.765 
30 161.477 
31 227.299 
32 61.3772 
33 135.385 
34 105.486 
35 277.323 
36 338.06 
37 255.24 
38 136.568 
39 217.799 
40 181.642 
41 130.912 
42 230.39 
43 212.016 
44 110.932 
45 148.888 
46 183.177 
47 260.785 
48 105.457 
49 159.918 
50 170.424 
51 291.774 
52 356.741 
53 330.247 
54 288.892 
55 241.845 
56 221.718 
57 93.809 
58 183.647 
59 217.272 
60 -61.2371 
61 138.186 
62 167.408 
63 268.849 
64 126.373 
65 161.302 
66 248.263 
67 353.083 
68 141.565 
69 280.384 
70 164.483 
71 205.247 
72 182.534 
73 336.42 
74 304.516 
75 62.0707 
76 206.353 
77 282.469 
78 110.158 
79 222.024 
80 205.044 
81 281.559 
82 170.463 
83 249.557 
84 201.154 
85 128.865 
86 214.434 
87 209.386 
88 224.059 
89 224.257 
90 119.512 
91 340.885 
92 360.767 
93 242.611 
94 193.449 
95 272.555 
96 223.1 
97 262.334 
98 113.598 
99 397.55 
100 286.893 

